115284
341799
867929
7065
138999
855302
830226
335712
572155
593696
673434
562856
841255
768108
531241
732160
129006
783411
708734
406051
523787
608122
271221
179529
973250
135070
981910
796192
263181
856837
627801
692593
995520
775301
100465
616761
785132
635838
976557
622682
769695
787226
791469
804660
262751
538510
191291
983877
167330
822916
627266
473434
39595
591841
952356
860992
804319
650129
763691
484885
857323
528279
628967
40735
870418
161150
566305
685020
577695
666407
557390
352836
671245
289454
474203
970571
552956
619623
758232
558850
153588
593832
107638
715862
92224
222794
765077
244483
384089
609050
909811
572761
39280
185775
713210
721419
852011
204449
79963
997273
542987
537382
831228
57932
753352
952819
723645
129947
295221
909344
876954
663034
717030
149681
200359
86869
460911
54396
677204
234315
493786
934508
516628
820308
861702
364107
955193
940366
390260
136168
922005
928892
401869
103109
317063
663836
581935
993778
616896
654259
501381
905323
621369
501050
844329
791824
897709
314105
501417
858312
157140
462057
69882
29314
107241
365845
964800
48268
960087
179546
709001
569386
22479
359305
248041
602692
125879
345231
912658
33082
794468
402914
156704
532098
323998
693098
475297
60260
517244
919221
648354
887171
499602
976273
607570
372740
203957
401346
903714
618998
460484
610815
589109
356093
905674
344114
13099
92076
11799
892796
721690
868572
145101
28024
727832
121961
819903
46767
649163
373387
716979
532639
870659
244459
74369
944574
920486
423206
116138
763582
605210
711421
938528
772341
683586
704336
321900
100454
88634
816680
402132
444589
240588
683719
538815
657352
558936
475311
400688
165514
794171
464953
956981
95957
376997
472823
609813
34783
182444
494136
387147
329312
731481
23543
606488
396055
883355
592420
974106
416858
327605
561813
702559
581920
884570
359204
608450
696193
712351
630230
738355
856530
604751
877462
111160
655206
200315
361044
917937
660431
806932
899179
641674
473797
728803
259861
931064
90387
992994
146952
820520
746859
869768
388146
618224
937410
518405
72244
282953
562948
956938
45055
408224
560267
62002
400784
895982
449238
513809
154439
802196
349845
16095
218581
907165
703864
672282
839819
405128
544524
123657
614460
768111
171607
605376
789473
749966
167547
282203
850436
702649
432626
52408
156675
492699
357380
967752
456212
634346
514995
900059
57923
147834
646084
358500
168446
854129
354286
832462
370881
974190
735952
284954
518823
794094
749717
573926
272518
502952
289438
236317
117362
849256
506536
996393
833305
636114
626804
251419
870225
243910
846888
351567
438999
824498
611956
360880
665126
547545
495725
1020
367959
228816
67028
805002
782798
791743
106621
594189
951543
47948
530036
418138
303721
816887
845412
456462
92002
809914
762752
160968
852693
5083
184559
631972
582410
326858
643893
54658
492509
746649
350476
204820
70947
140759
504827
356937
442854
621755
781679
643777
416985
520998
465586
940015
413202
983300
543725
460893
340161
565918
24351
337656
513297
108942
613764
961156
330219
746022
631401
339958
164443
456825
993783
994065
804614
639044
131521
295117
587099
776916
110762
951499
248408
535241
747528
832561
653893
44121
133931
570893
289238
814919
444208
182369
322887
503335
314123
505533
14054
701451
388361
594883
908549
177869
599957
637289
214598
248265
290539
190263
664523
141319
126119
728251
134988
338125
489129
929085
690938
836334
257905
200559
392465
685865
388094
105764
631549
518909
8998
303234
791273
492161
837423
492794
771167
515361
826060
1466
45772
11342
106252
192792
572816
66388
139704
825291
503274
349577
680404
668714
506231
86803
232812
65785
539878
173568
254985
872620
237809
562251
253969
495799
467938
503234
360848
473200
673912
258896
746458
463203
511485
969944
447101
710019
911954
232780
113488
129103
749244
760285
270294
520775
614627
526622
598044
803285
916850
265733
346694
637904
716319
869605
284283
262880
619822
277266
487540
683596
609515
703063
278554
767472
660117
102798
889540
619747
867125
947511
387757
82055
477930
330170
327811
604803
957053
61189
111752
705340
81380
716901
569177
809345
357661
785902
577493
891011
57125
83981
82497
747204
508270
828819
425880
652605
28506
529686
763825
822241
384226
958792
394667
976785
291867
393153
310753
32823
839686
47335
830395
197766
167795
442919
294257
932389
286742
939468
201522
14780
481708
559591
259288
311789
702221
698001
391390
450865
130362
463460
224155
53989
744528
911097
940737
297901
305179
697608
115493
326443
514785
129000
184719
867185
368998
891392
599287
830811
171569
582353
134405
755386
770783
335653
448481
742924
281553
168268
983220
883136
544631
285043
470258
285686
385031
235560
55202
560492
359425
830547
357953
767338
256849
881540
149813
413377
94905
102061
191452
944735
676086
179705
502702
812072
816489
927768
92706
67519
810920
730888
196624
240682
63253
452541
192643
185756
690556
539558
376174
200424
144089
191263
695949
665263
450276
870948
118635
199368
433717
418594
623653
799102
952200
775501
217576
290230
214490
414607
549982
705250
371616
152846
814285
146504
716143
784136
179287
695708
102384
161544
360822
220190
147968
292190
526175
247329
280760
758278
293768
474004
323774
888513
986684
306351
22728
875411
453280
451931
98340
18044
464037
691611
337381
71010
24699
192556
302601
929003
862021
236069
358702
631877
948851
442051
441209
535228
648563
872284
586178
855994
449144
525745
620742
611048
856009
88542
870028
254034
819809
92114
230373
288617
231901
244368
217059
390611
725430
230566
762965
101018
209853
950142
274099
409896
753517
442722
991734
278289
712778
569562
718714
803510
61998
841950
467886
365623
566835
226181
897043
205258
636960
355707
904862
747589
901484
710648
378882
635776
474449
427723
501193
407986
376492
59832
872862
453003
187426
798853
145824
6811
891086
718353
529480
65162
296296
273897
450677
114271
558258
581996
575544
198487
643563
254407
33700
800849
314429
449908
915608
141376
385334
568459
325178
147145
472810
296318
913333
61978
486370
273558
606093
239982
518862
199420
956871
658372
948884
577280
609982
303176
749735
847922
466784
88998
956112
216889
44360
257905
49461
97561
761781
159937
189062
121099
968007
955716
167500
368776
358561
632312
704954
424733
314101
430935
146474
94449
181914
667235
765612
810436
165585
260139
97612
796524
873837
104666
944068
487180
923364
381719
203490
727469
396359
772858
499156
439617
930428
668208
560675
137445
275011
681763
202753
228423
89878
268162
595801
821147
424357
949306
90690
441563
135302
910194
739487
848131
458860
460816
836068
370950
664526
25129
306729
913592
537948
309186
57925
359739
941294
917778
589660
195272
455573
635936
583768
901987
213085
896891
206124
445361
231744
183311
404513
683666
293916
549621
726119
657420
529043
788444
761301
329985
751730
261123
334557
135014
203411
976217
408562
930169
628191
814850
448232
227863
285125
1093
459903
1296
946073
60178
343659
