634950
873544
832501
291461
558644
821058
131218
22092
994663
453704
16387
299857
98129
242040
302861
608628
327387
617101
294353
268006
525153
652386
647690
260029
100488
936810
68299
402419
951840
138296
15838
727433
749744
180348
691596
974282
491184
2350
974318
431983
99930
998195
886369
980835
366400
167074
248786
247579
420657
916671
833008
921630
660116
439729
406699
110719
764540
11475
799621
217414
7452
755431
949448
949876
916196
619963
30518
759524
572812
709913
401059
774241
541613
837591
397748
943779
971497
329128
444337
126835
81791
668847
591774
16873
328509
323127
738029
968714
432628
715926
204063
684203
742157
36172
488103
272974
901797
667869
451620
211873
854816
563859
739165
835426
927
341938
994895
223985
99892
282624
991263
941007
169148
108570
267514
490418
790254
550462
60449
379099
382066
126354
6862
992
58065
218831
385492
576450
818975
221180
840766
896428
931643
659789
679372
428269
596603
612892
995891
155950
212579
667144
863503
976053
994357
577065
40352
322831
587540
501575
636582
850316
705494
382315
945124
280399
22242
36494
785933
700793
856849
94435
535962
246826
789760
720180
815471
601603
403594
568016
496844
734628
999821
603660
714546
792619
61213
784701
961279
816394
704443
623145
24406
693565
369713
644698
90340
352745
997686
188346
549407
199930
388718
707218
258381
613951
564963
840446
664736
544442
486959
837106
659041
962460
493783
898139
970085
149719
643707
395570
158043
145862
208867
13623
620036
389759
252060
958600
350127
425489
654556
451737
547289
241616
900038
111876
546552
383441
170901
88935
56967
850991
413170
174797
82694
848895
969315
830752
391751
835520
387871
44520
44071
663426
525071
584469
254472
372764
562074
94832
519415
932036
47431
361234
929008
803794
884615
916555
878943
347783
576531
405093
77909
220300
17076
870176
785530
729175
225105
159964
370643
71969
974775
823895
604663
476608
373506
908441
992624
303171
314709
629842
658868
866682
720822
380423
914893
833684
561296
363333
225710
406706
806788
277563
788796
813348
424307
228172
156968
902124
282496
82224
321425
345035
140846
202733
501213
113863
193249
829187
801311
684357
559346
485762
430265
493933
362196
936683
670953
628850
781395
894180
436843
188666
666201
90961
685257
44769
995825
418475
406147
587188
983162
999529
213732
882782
388816
415685
808224
611112
565245
461893
938024
598588
623345
819868
314602
136459
335274
171220
487853
254987
200580
390501
22462
482125
148717
956081
154867
698512
861415
988712
689031
126490
522947
464598
722639
448055
908022
173373
531339
167470
43634
214226
282679
266899
814893
300180
824153
596930
464333
144581
782307
370681
827018
234022
177033
624919
533464
97765
377548
774642
560332
597157
581372
24632
773581
896919
997936
445511
333300
434977
387654
184928
654904
87340
427123
581027
955399
730461
486256
806480
624773
831411
217673
792900
907981
263250
751217
518429
796225
207727
187605
845069
678378
224207
786253
196510
651537
883902
126464
158249
157765
539266
182064
358717
768118
404676
78132
88609
482182
987355
413558
181050
547706
978191
202478
580449
785203
514267
541644
821831
595860
392027
378635
473932
518138
233383
187479
163878
719278
956404
139273
891292
836171
842348
38383
670119
484468
561317
255166
542942
825204
47434
53490
500871
912295
787236
582126
450667
829706
190617
972825
734158
57927
194486
377553
739397
395148
614593
619059
385923
352139
727364
748819
281660
319637
639871
819001
22469
64903
497649
912609
684006
835598
104383
116690
127315
726121
426665
597544
640079
270862
528522
430479
252933
170263
437283
509500
412612
930225
113929
54521
501595
619104
652810
556990
885813
132991
299439
214307
631612
432591
267570
245771
621044
6741
776082
721659
816888
474800
996119
666512
61286
216442
928177
801513
798122
568252
396469
39364
460587
412215
360728
882840
298442
729214
563474
141186
155666
327957
455488
131663
133531
861444
257010
421381
223918
821126
68332
533373
650596
559627
96465
765431
385324
714890
461885
35892
646148
858053
720665
285683
502216
675424
621657
122677
519201
784368
374276
981712
914478
52958
525360
754129
1944
146982
644991
547325
746006
297268
243492
303122
226948
393473
40252
226278
605250
564086
92780
174691
210733
663035
55186
103664
921735
639949
774568
389747
913392
949767
45924
785719
887824
998770
880350
343245
979576
370768
959499
474391
603881
180918
112240
772808
970338
6700
592141
726489
858697
532837
788870
807025
318804
22646
668350
848081
972320
774197
686875
209988
126674
449234
761376
726481
289928
942291
560454
785572
596878
813663
172407
540752
92035
854815
82252
609957
147549
607843
387082
472035
176165
958354
903179
289640
111213
292502
42693
260790
55614
701815
665702
863861
909206
163189
798920
5204
280087
203161
940080
364772
74948
907171
740704
407957
328887
855729
704009
114709
999659
246795
841489
795428
636279
200956
338214
728929
12535
470913
23895
319622
991404
767790
238557
909459
495254
347996
583120
365168
140951
642997
789460
166467
649385
222595
520263
395160
989326
221059
10517
439017
100549
988271
742139
798922
965263
400767
643018
95563
918179
26616
564102
493400
907718
304472
672272
199731
5315
957964
617373
854415
252896
95970
768533
375125
611342
720285
922433
126854
676039
257723
798659
170314
312324
447271
365080
968135
876910
721128
783559
324068
895056
78964
430443
995320
158078
745766
785459
764039
315999
755224
890834
170254
753257
860512
946027
92724
29018
259193
313162
308854
521885
844081
667455
797896
559834
167817
679765
386368
486255
894009
253200
619023
951596
782806
878474
923966
933177
552239
425257
516798
100398
429754
166960
215330
139643
585359
47506
123448
741851
625525
951442
150769
431049
6170
516462
210272
54096
178701
268178
734363
389742
548645
78507
783182
580298
325319
68293
402692
788697
910409
200580
756478
854738
951788
486910
568992
817630
290716
432123
243163
553645
192202
133290
694736
143732
989978
504571
482739
371845
355488
625709
668223
893096
582657
17134
159745
740123
164559
223589
125131
904560
242936
583148
306679
355010
452862
814069
910735
814517
672771
761330
360919
698398
541909
467549
420135
347136
385501
135953
621905
131956
33549
251010
723801
905682
723900
651053
744533
18939
583436
570364
825069
741832
11505
80030
706558
432882
968756
930431
766441
918963
691322
655802
276234
986568
905961
875721
236071
128475
376871
435903
711449
343003
427345
710097
228749
871592
579299
782854
282810
420806
818912
166587
781952
986538
330607
292477
969343
478093
563064
103604
169688
283210
255755
377321
328405
261035
381750
612621
83337
29785
340247
957319
14838
903204
819228
378435
222513
922694
466918
60889
91527
185298
951136
808022
102760
409637
503502
157250
205192
297122
312664
820674
571872
117656
823641
424859
604601
15008
521526
85078
775635
852262
382780
62594
405259
326985
962004
638775
939513
697913
735008
55504
829202
861174
34289
417486
187507
347426
